-0.22 -0.29 -0.09
-0.22 0.29 -0.09
-0.2 -0.29 -0.09
-0.2 0.29 -0.09
-0.18 -0.31 -0.09
-0.18 0.31 -0.09
-0.18 -0.29 -0.09
-0.18 0.29 -0.09
-0.16 -0.31 -0.09
-0.16 0.31 -0.09
-0.16 -0.29 -0.09
-0.16 0.29 -0.09
-0.14 -0.31 -0.09
-0.14 0.31 -0.09
-0.14 -0.29 -0.09
-0.14 0.29 -0.09
-0.12 -0.31 -0.09
-0.12 0.31 -0.09
-0.12 -0.29 -0.09
-0.12 0.29 -0.09
-0.1 -0.33 -0.09
-0.1 0.33 -0.09
-0.1 -0.31 -0.09
-0.1 0.31 -0.09
-0.1 -0.29 -0.09
-0.1 0.29 -0.09
-0.08 -0.33 -0.09
-0.08 0.33 -0.09
-0.08 -0.31 -0.09
-0.08 0.31 -0.09
-0.08 -0.29 -0.09
-0.08 0.29 -0.09
-0.06 -0.33 -0.09
-0.06 0.33 -0.09
-0.06 -0.31 -0.09
-0.06 0.31 -0.09
-0.06 -0.29 -0.09
-0.06 0.29 -0.09
-0.04 -0.31 -0.09
-0.04 0.31 -0.09
-0.04 -0.29 -0.09
-0.04 0.29 -0.09
-0.04 -0.27 -0.09
-0.04 0.27 -0.09
-0.04 -0.25 -0.09
-0.04 0.25 -0.09
-0.02 -0.31 -0.09
-0.02 0.31 -0.09
-0.02 -0.29 -0.09
-0.02 0.29 -0.09
-0.02 -0.27 -0.09
-0.02 0.27 -0.09
-0.02 -0.25 -0.09
-0.02 0.25 -0.09
1.73472e-16 -0.31 -0.09
1.73472e-16 0.31 -0.09
1.73472e-16 -0.29 -0.09
1.73472e-16 0.29 -0.09
1.73472e-16 -0.27 -0.09
1.73472e-16 0.27 -0.09
1.73472e-16 -0.25 -0.09
1.73472e-16 0.25 -0.09
0.02 -0.31 -0.09
0.02 0.31 -0.09
0.02 -0.29 -0.09
0.02 0.29 -0.09
0.02 -0.27 -0.09
0.02 0.27 -0.09
0.02 -0.25 -0.09
0.02 0.25 -0.09
0.04 -0.31 -0.09
0.04 0.31 -0.09
0.04 -0.29 -0.09
0.04 0.29 -0.09
0.04 -0.27 -0.09
0.04 0.27 -0.09
0.04 -0.25 -0.09
0.04 0.25 -0.09
0.06 -0.33 -0.09
0.06 0.33 -0.09
0.06 -0.31 -0.09
0.06 0.31 -0.09
0.06 -0.29 -0.09
0.06 0.29 -0.09
0.06 -0.27 -0.09
0.06 0.27 -0.09
0.06 -0.25 -0.09
0.06 0.25 -0.09
0.08 -0.33 -0.09
0.08 0.33 -0.09
0.08 -0.31 -0.09
0.08 0.31 -0.09
0.08 -0.29 -0.09
0.08 0.29 -0.09
0.08 -0.27 -0.09
0.08 0.27 -0.09
0.08 -0.25 -0.09
0.08 0.25 -0.09
0.1 -0.33 -0.09
0.1 0.33 -0.09
0.1 -0.31 -0.09
0.1 0.31 -0.09
0.1 -0.29 -0.09
0.1 0.29 -0.09
0.1 -0.27 -0.09
0.1 0.27 -0.09
0.1 -0.25 -0.09
0.1 0.25 -0.09
0.12 -0.31 -0.09
0.12 0.31 -0.09
0.12 -0.29 -0.09
0.12 0.29 -0.09
0.12 -0.27 -0.09
0.12 0.27 -0.09
0.12 -0.25 -0.09
0.12 0.25 -0.09
0.14 -0.31 -0.09
0.14 0.31 -0.09
0.14 -0.29 -0.09
0.14 0.29 -0.09
0.14 -0.27 -0.09
0.14 0.27 -0.09
0.14 -0.25 -0.09
0.14 0.25 -0.09
0.16 -0.31 -0.09
0.16 0.31 -0.09
0.16 -0.29 -0.09
0.16 0.29 -0.09
0.16 -0.27 -0.09
0.16 0.27 -0.09
0.16 -0.25 -0.09
0.16 0.25 -0.09
0.18 -0.31 -0.09
0.18 0.31 -0.09
0.18 -0.29 -0.09
0.18 0.29 -0.09
0.18 -0.27 -0.09
0.18 0.27 -0.09
0.18 -0.25 -0.09
0.18 0.25 -0.09
0.2 -0.29 -0.09
0.2 0.29 -0.09
0.2 -0.27 -0.09
0.2 0.27 -0.09
0.2 -0.25 -0.09
0.2 0.25 -0.09
0.2 -0.23 -0.09
0.2 0.23 -0.09
0.2 -0.21 -0.09
0.2 0.21 -0.09
0.2 -0.19 -0.09
0.2 0.19 -0.09
0.2 -0.17 -0.09
0.2 0.17 -0.09
0.2 -0.15 -0.09
0.2 0.15 -0.09
0.2 -0.13 -0.09
0.2 0.13 -0.09
0.22 -0.29 -0.09
0.22 0.29 -0.09
0.22 -0.27 -0.09
0.22 0.27 -0.09
0.22 -0.25 -0.09
0.22 0.25 -0.09
0.22 -0.23 -0.09
0.22 0.23 -0.09
0.22 -0.21 -0.09
0.22 0.21 -0.09
0.22 -0.19 -0.09
0.22 0.19 -0.09
0.22 -0.17 -0.09
0.22 0.17 -0.09
0.22 -0.15 -0.09
0.22 0.15 -0.09
0.22 -0.13 -0.09
0.22 0.13 -0.09
0.24 -0.27 -0.09
0.24 0.27 -0.09
0.24 -0.25 -0.09
0.24 0.25 -0.09
0.24 -0.23 -0.09
0.24 0.23 -0.09
0.24 -0.21 -0.09
0.24 0.21 -0.09
0.24 -0.19 -0.09
0.24 0.19 -0.09
0.24 -0.17 -0.09
0.24 0.17 -0.09
0.24 -0.15 -0.09
0.24 0.15 -0.09
0.24 -0.13 -0.09
0.24 0.13 -0.09
0.26 -0.27 -0.09
0.26 0.27 -0.09
0.26 -0.25 -0.09
0.26 0.25 -0.09
0.26 -0.23 -0.09
0.26 0.23 -0.09
0.26 -0.21 -0.09
0.26 0.21 -0.09
0.26 -0.19 -0.09
0.26 0.19 -0.09
0.26 -0.17 -0.09
0.26 0.17 -0.09
0.26 -0.15 -0.09
0.26 0.15 -0.09
0.26 -0.13 -0.09
0.26 0.13 -0.09
0.28 -0.25 -0.09
0.28 0.25 -0.09
0.28 -0.23 -0.09
0.28 0.23 -0.09
0.28 -0.21 -0.09
0.28 0.21 -0.09
0.28 -0.19 -0.09
0.28 0.19 -0.09
0.28 -0.17 -0.09
0.28 0.17 -0.09
0.28 -0.15 -0.09
0.28 0.15 -0.09
0.28 -0.13 -0.09
0.28 0.13 -0.09
0.3 -0.23 -0.09
0.3 0.23 -0.09
0.3 -0.21 -0.09
0.3 0.21 -0.09
0.3 -0.19 -0.09
0.3 0.19 -0.09
0.3 -0.17 -0.09
0.3 0.17 -0.09
0.3 -0.15 -0.09
0.3 0.15 -0.09
0.3 -0.13 -0.09
0.3 0.13 -0.09
0.3 -0.11 -0.09
0.3 0.11 -0.09
0.3 -0.09 -0.09
0.3 0.09 -0.09
0.3 -0.07 -0.09
0.3 0.07 -0.09
0.3 -0.05 -0.09
0.3 0.05 -0.09
0.3 -0.03 -0.09
0.3 0.03 -0.09
0.3 -0.01 -0.09
0.3 0.01 -0.09
0.32 -0.19 -0.09
0.32 0.19 -0.09
0.32 -0.17 -0.09
0.32 0.17 -0.09
0.32 -0.15 -0.09
0.32 0.15 -0.09
0.32 -0.13 -0.09
0.32 0.13 -0.09
0.32 -0.11 -0.09
0.32 0.11 -0.09
0.32 -0.09 -0.09
0.32 0.09 -0.09
0.32 -0.07 -0.09
0.32 0.07 -0.09
0.32 -0.05 -0.09
0.32 0.05 -0.09
0.32 -0.03 -0.09
0.32 0.03 -0.09
0.32 -0.01 -0.09
0.32 0.01 -0.09
0.34 -0.17 -0.09
0.34 0.17 -0.09
0.34 -0.15 -0.09
0.34 0.15 -0.09
0.34 -0.13 -0.09
0.34 0.13 -0.09
0.34 -0.11 -0.09
0.34 0.11 -0.09
0.34 -0.09 -0.09
0.34 0.09 -0.09
0.34 -0.07 -0.09
0.34 0.07 -0.09
0.34 -0.05 -0.09
0.34 0.05 -0.09
0.34 -0.03 -0.09
0.34 0.03 -0.09
0.34 -0.01 -0.09
0.34 0.01 -0.09
0.36 -0.13 -0.09
0.36 0.13 -0.09
0.36 -0.11 -0.09
0.36 0.11 -0.09
0.36 -0.09 -0.09
0.36 0.09 -0.09
0.36 -0.07 -0.09
0.36 0.07 -0.09
0.36 -0.05 -0.09
0.36 0.05 -0.09
0.36 -0.03 -0.09
0.36 0.03 -0.09
0.36 -0.01 -0.09
0.36 0.01 -0.09
0.38 -0.07 -0.09
0.38 0.07 -0.09
0.38 -0.05 -0.09
0.38 0.05 -0.09
0.38 -0.03 -0.09
0.38 0.03 -0.09
0.38 -0.01 -0.09
0.38 0.01 -0.09
-0.18 -0.29 -0.07
-0.18 0.29 -0.07
-0.16 -0.29 -0.07
-0.16 0.29 -0.07
-0.14 -0.29 -0.07
-0.14 0.29 -0.07
-0.12 -0.31 -0.07
-0.12 0.31 -0.07
-0.12 -0.29 -0.07
-0.12 0.29 -0.07
-0.1 -0.31 -0.07
-0.1 0.31 -0.07
-0.1 -0.29 -0.07
-0.1 0.29 -0.07
-0.08 -0.31 -0.07
-0.08 0.31 -0.07
-0.08 -0.29 -0.07
-0.08 0.29 -0.07
-0.06 -0.31 -0.07
-0.06 0.31 -0.07
-0.06 -0.29 -0.07
-0.06 0.29 -0.07
-0.04 -0.29 -0.07
-0.04 0.29 -0.07
-0.04 -0.27 -0.07
-0.04 0.27 -0.07
-0.04 -0.25 -0.07
-0.04 0.25 -0.07
-0.02 -0.29 -0.07
-0.02 0.29 -0.07
-0.02 -0.27 -0.07
-0.02 0.27 -0.07
-0.02 -0.25 -0.07
-0.02 0.25 -0.07
1.73472e-16 -0.29 -0.07
1.73472e-16 0.29 -0.07
1.73472e-16 -0.27 -0.07
1.73472e-16 0.27 -0.07
1.73472e-16 -0.25 -0.07
1.73472e-16 0.25 -0.07
0.02 -0.29 -0.07
0.02 0.29 -0.07
0.02 -0.27 -0.07
0.02 0.27 -0.07
0.02 -0.25 -0.07
0.02 0.25 -0.07
0.04 -0.29 -0.07
0.04 0.29 -0.07
0.04 -0.27 -0.07
0.04 0.27 -0.07
0.04 -0.25 -0.07
0.04 0.25 -0.07
0.06 -0.31 -0.07
0.06 0.31 -0.07
0.06 -0.29 -0.07
0.06 0.29 -0.07
0.06 -0.27 -0.07
0.06 0.27 -0.07
0.06 -0.25 -0.07
0.06 0.25 -0.07
0.08 -0.31 -0.07
0.08 0.31 -0.07
0.08 -0.29 -0.07
0.08 0.29 -0.07
0.08 -0.27 -0.07
0.08 0.27 -0.07
0.08 -0.25 -0.07
0.08 0.25 -0.07
0.1 -0.31 -0.07
0.1 0.31 -0.07
0.1 -0.29 -0.07
0.1 0.29 -0.07
0.1 -0.27 -0.07
0.1 0.27 -0.07
0.1 -0.25 -0.07
0.1 0.25 -0.07
0.12 -0.31 -0.07
0.12 0.31 -0.07
0.12 -0.29 -0.07
0.12 0.29 -0.07
0.12 -0.27 -0.07
0.12 0.27 -0.07
0.12 -0.25 -0.07
0.12 0.25 -0.07
0.14 -0.29 -0.07
0.14 0.29 -0.07
0.14 -0.27 -0.07
0.14 0.27 -0.07
0.14 -0.25 -0.07
0.14 0.25 -0.07
0.16 -0.29 -0.07
0.16 0.29 -0.07
0.16 -0.27 -0.07
0.16 0.27 -0.07
0.16 -0.25 -0.07
0.16 0.25 -0.07
0.18 -0.29 -0.07
0.18 0.29 -0.07
0.18 -0.27 -0.07
0.18 0.27 -0.07
0.18 -0.25 -0.07
0.18 0.25 -0.07
0.2 -0.27 -0.07
0.2 0.27 -0.07
0.2 -0.25 -0.07
0.2 0.25 -0.07
0.2 -0.23 -0.07
0.2 0.23 -0.07
0.2 -0.21 -0.07
0.2 0.21 -0.07
0.2 -0.19 -0.07
0.2 0.19 -0.07
0.2 -0.17 -0.07
0.2 0.17 -0.07
0.2 -0.15 -0.07
0.2 0.15 -0.07
0.2 -0.13 -0.07
0.2 0.13 -0.07
0.22 -0.27 -0.07
0.22 0.27 -0.07
0.22 -0.25 -0.07
0.22 0.25 -0.07
0.22 -0.23 -0.07
0.22 0.23 -0.07
0.22 -0.21 -0.07
0.22 0.21 -0.07
0.22 -0.19 -0.07
0.22 0.19 -0.07
0.22 -0.17 -0.07
0.22 0.17 -0.07
0.22 -0.15 -0.07
0.22 0.15 -0.07
0.22 -0.13 -0.07
0.22 0.13 -0.07
0.24 -0.25 -0.07
0.24 0.25 -0.07
0.24 -0.23 -0.07
0.24 0.23 -0.07
0.24 -0.21 -0.07
0.24 0.21 -0.07
0.24 -0.19 -0.07
0.24 0.19 -0.07
0.24 -0.17 -0.07
0.24 0.17 -0.07
0.24 -0.15 -0.07
0.24 0.15 -0.07
0.24 -0.13 -0.07
0.24 0.13 -0.07
0.26 -0.25 -0.07
0.26 0.25 -0.07
0.26 -0.23 -0.07
0.26 0.23 -0.07
0.26 -0.21 -0.07
0.26 0.21 -0.07
0.26 -0.19 -0.07
0.26 0.19 -0.07
0.26 -0.17 -0.07
0.26 0.17 -0.07
0.26 -0.15 -0.07
0.26 0.15 -0.07
0.26 -0.13 -0.07
0.26 0.13 -0.07
0.28 -0.23 -0.07
0.28 0.23 -0.07
0.28 -0.21 -0.07
0.28 0.21 -0.07
0.28 -0.19 -0.07
0.28 0.19 -0.07
0.28 -0.17 -0.07
0.28 0.17 -0.07
0.28 -0.15 -0.07
0.28 0.15 -0.07
0.28 -0.13 -0.07
0.28 0.13 -0.07
0.3 -0.21 -0.07
0.3 0.21 -0.07
0.3 -0.19 -0.07
0.3 0.19 -0.07
0.3 -0.17 -0.07
0.3 0.17 -0.07
0.3 -0.15 -0.07
0.3 0.15 -0.07
0.3 -0.13 -0.07
0.3 0.13 -0.07
0.3 -0.11 -0.07
0.3 0.11 -0.07
0.3 -0.09 -0.07
0.3 0.09 -0.07
0.3 -0.07 -0.07
0.3 0.07 -0.07
0.3 -0.05 -0.07
0.3 0.05 -0.07
0.3 -0.03 -0.07
0.3 0.03 -0.07
0.3 -0.01 -0.07
0.3 0.01 -0.07
0.32 -0.17 -0.07
0.32 0.17 -0.07
0.32 -0.15 -0.07
0.32 0.15 -0.07
0.32 -0.13 -0.07
0.32 0.13 -0.07
0.32 -0.11 -0.07
0.32 0.11 -0.07
0.32 -0.09 -0.07
0.32 0.09 -0.07
0.32 -0.07 -0.07
0.32 0.07 -0.07
0.32 -0.05 -0.07
0.32 0.05 -0.07
0.32 -0.03 -0.07
0.32 0.03 -0.07
0.32 -0.01 -0.07
0.32 0.01 -0.07
0.34 -0.15 -0.07
0.34 0.15 -0.07
0.34 -0.13 -0.07
0.34 0.13 -0.07
0.34 -0.11 -0.07
0.34 0.11 -0.07
0.34 -0.09 -0.07
0.34 0.09 -0.07
0.34 -0.07 -0.07
0.34 0.07 -0.07
0.34 -0.05 -0.07
0.34 0.05 -0.07
0.34 -0.03 -0.07
0.34 0.03 -0.07
0.34 -0.01 -0.07
0.34 0.01 -0.07
0.36 -0.09 -0.07
0.36 0.09 -0.07
0.36 -0.07 -0.07
0.36 0.07 -0.07
0.36 -0.05 -0.07
0.36 0.05 -0.07
0.36 -0.03 -0.07
0.36 0.03 -0.07
0.36 -0.01 -0.07
0.36 0.01 -0.07
-0.04 -0.27 -0.05
-0.04 0.27 -0.05
-0.04 -0.25 -0.05
-0.04 0.25 -0.05
-0.04 -0.23 -0.05
-0.04 0.23 -0.05
-0.02 -0.27 -0.05
-0.02 0.27 -0.05
-0.02 -0.25 -0.05
-0.02 0.25 -0.05
-0.02 -0.23 -0.05
-0.02 0.23 -0.05
1.73472e-16 -0.25 -0.05
1.73472e-16 0.25 -0.05
1.73472e-16 -0.23 -0.05
1.73472e-16 0.23 -0.05
0.02 -0.27 -0.05
0.02 0.27 -0.05
0.02 -0.25 -0.05
0.02 0.25 -0.05
0.02 -0.23 -0.05
0.02 0.23 -0.05
0.04 -0.27 -0.05
0.04 0.27 -0.05
0.04 -0.25 -0.05
0.04 0.25 -0.05
0.04 -0.23 -0.05
0.04 0.23 -0.05
0.06 -0.27 -0.05
0.06 0.27 -0.05
0.06 -0.25 -0.05
0.06 0.25 -0.05
0.08 -0.27 -0.05
0.08 0.27 -0.05
0.08 -0.25 -0.05
0.08 0.25 -0.05
0.1 -0.27 -0.05
0.1 0.27 -0.05
0.1 -0.25 -0.05
0.1 0.25 -0.05
0.12 -0.27 -0.05
0.12 0.27 -0.05
0.12 -0.25 -0.05
0.12 0.25 -0.05
0.12 -0.23 -0.05
0.12 0.23 -0.05
0.14 -0.27 -0.05
0.14 0.27 -0.05
0.14 -0.25 -0.05
0.14 0.25 -0.05
0.14 -0.23 -0.05
0.14 0.23 -0.05
0.16 -0.27 -0.05
0.16 0.27 -0.05
0.16 -0.25 -0.05
0.16 0.25 -0.05
0.16 -0.23 -0.05
0.16 0.23 -0.05
0.18 -0.27 -0.05
0.18 0.27 -0.05
0.18 -0.25 -0.05
0.18 0.25 -0.05
0.18 -0.23 -0.05
0.18 0.23 -0.05
0.2 -0.25 -0.05
0.2 0.25 -0.05
0.2 -0.23 -0.05
0.2 0.23 -0.05
0.2 -0.21 -0.05
0.2 0.21 -0.05
0.2 -0.19 -0.05
0.2 0.19 -0.05
0.2 -0.17 -0.05
0.2 0.17 -0.05
0.2 -0.15 -0.05
0.2 0.15 -0.05
0.2 -0.13 -0.05
0.2 0.13 -0.05
0.22 -0.25 -0.05
0.22 0.25 -0.05
0.22 -0.23 -0.05
0.22 0.23 -0.05
0.22 -0.21 -0.05
0.22 0.21 -0.05
0.22 -0.19 -0.05
0.22 0.19 -0.05
0.22 -0.17 -0.05
0.22 0.17 -0.05
0.22 -0.15 -0.05
0.22 0.15 -0.05
0.22 -0.13 -0.05
0.22 0.13 -0.05
0.24 -0.23 -0.05
0.24 0.23 -0.05
0.24 -0.21 -0.05
0.24 0.21 -0.05
0.24 -0.19 -0.05
0.24 0.19 -0.05
0.24 -0.17 -0.05
0.24 0.17 -0.05
0.24 -0.15 -0.05
0.24 0.15 -0.05
0.24 -0.13 -0.05
0.24 0.13 -0.05
0.26 -0.21 -0.05
0.26 0.21 -0.05
0.26 -0.19 -0.05
0.26 0.19 -0.05
0.26 -0.17 -0.05
0.26 0.17 -0.05
0.26 -0.15 -0.05
0.26 0.15 -0.05
0.26 -0.13 -0.05
0.26 0.13 -0.05
0.28 -0.19 -0.05
0.28 0.19 -0.05
0.28 -0.17 -0.05
0.28 0.17 -0.05
0.28 -0.15 -0.05
0.28 0.15 -0.05
0.28 -0.13 -0.05
0.28 0.13 -0.05
0.28 -0.11 -0.05
0.28 0.11 -0.05
0.3 -0.17 -0.05
0.3 0.17 -0.05
0.3 -0.15 -0.05
0.3 0.15 -0.05
0.3 -0.13 -0.05
0.3 0.13 -0.05
0.3 -0.11 -0.05
0.3 0.11 -0.05
0.3 -0.09 -0.05
0.3 0.09 -0.05
0.3 -0.07 -0.05
0.3 0.07 -0.05
0.3 -0.05 -0.05
0.3 0.05 -0.05
0.3 -0.03 -0.05
0.3 0.03 -0.05
0.3 -0.01 -0.05
0.3 0.01 -0.05
0.32 -0.15 -0.05
0.32 0.15 -0.05
0.32 -0.13 -0.05
0.32 0.13 -0.05
0.32 -0.11 -0.05
0.32 0.11 -0.05
0.32 -0.09 -0.05
0.32 0.09 -0.05
0.32 -0.07 -0.05
0.32 0.07 -0.05
0.32 -0.05 -0.05
0.32 0.05 -0.05
0.32 -0.03 -0.05
0.32 0.03 -0.05
0.32 -0.01 -0.05
0.32 0.01 -0.05
0.34 -0.11 -0.05
0.34 0.11 -0.05
0.34 -0.09 -0.05
0.34 0.09 -0.05
0.34 -0.07 -0.05
0.34 0.07 -0.05
0.34 -0.05 -0.05
0.34 0.05 -0.05
0.34 -0.03 -0.05
0.34 0.03 -0.05
0.34 -0.01 -0.05
0.34 0.01 -0.05
0.36 -0.01 -0.05
0.36 0.01 -0.05
0.08 -0.23 -0.03
0.08 0.23 -0.03
0.1 -0.23 -0.03
0.1 0.23 -0.03
0.12 -0.25 -0.03
0.12 0.25 -0.03
0.12 -0.23 -0.03
0.12 0.23 -0.03
0.14 -0.23 -0.03
0.14 0.23 -0.03
0.16 -0.23 -0.03
0.16 0.23 -0.03
0.18 -0.23 -0.03
0.18 0.23 -0.03
0.18 -0.21 -0.03
0.18 0.21 -0.03
0.18 -0.19 -0.03
0.18 0.19 -0.03
0.18 -0.17 -0.03
0.18 0.17 -0.03
0.18 -0.15 -0.03
0.18 0.15 -0.03
0.2 -0.23 -0.03
0.2 0.23 -0.03
0.2 -0.21 -0.03
0.2 0.21 -0.03
0.2 -0.19 -0.03
0.2 0.19 -0.03
0.2 -0.17 -0.03
0.2 0.17 -0.03
0.2 -0.15 -0.03
0.2 0.15 -0.03
0.2 -0.13 -0.03
0.2 0.13 -0.03
0.2 -0.11 -0.03
0.2 0.11 -0.03
0.22 -0.21 -0.03
0.22 0.21 -0.03
0.22 -0.19 -0.03
0.22 0.19 -0.03
0.22 -0.17 -0.03
0.22 0.17 -0.03
0.22 -0.15 -0.03
0.22 0.15 -0.03
0.22 -0.13 -0.03
0.22 0.13 -0.03
0.22 -0.11 -0.03
0.22 0.11 -0.03
0.24 -0.19 -0.03
0.24 0.19 -0.03
0.24 -0.17 -0.03
0.24 0.17 -0.03
0.24 -0.15 -0.03
0.24 0.15 -0.03
0.24 -0.13 -0.03
0.24 0.13 -0.03
0.24 -0.11 -0.03
0.24 0.11 -0.03
0.26 -0.17 -0.03
0.26 0.17 -0.03
0.26 -0.15 -0.03
0.26 0.15 -0.03
0.26 -0.13 -0.03
0.26 0.13 -0.03
0.26 -0.11 -0.03
0.26 0.11 -0.03
0.28 -0.15 -0.03
0.28 0.15 -0.03
0.28 -0.13 -0.03
0.28 0.13 -0.03
0.28 -0.11 -0.03
0.28 0.11 -0.03
0.28 -0.09 -0.03
0.28 0.09 -0.03
0.28 -0.07 -0.03
0.28 0.07 -0.03
0.3 -0.13 -0.03
0.3 0.13 -0.03
0.3 -0.11 -0.03
0.3 0.11 -0.03
0.3 -0.09 -0.03
0.3 0.09 -0.03
0.3 -0.07 -0.03
0.3 0.07 -0.03
0.3 -0.05 -0.03
0.3 0.05 -0.03
0.3 -0.03 -0.03
0.3 0.03 -0.03
0.3 -0.01 -0.03
0.3 0.01 -0.03
0.32 -0.09 -0.03
0.32 0.09 -0.03
0.32 -0.07 -0.03
0.32 0.07 -0.03
0.32 -0.05 -0.03
0.32 0.05 -0.03
0.32 -0.03 -0.03
0.32 0.03 -0.03
0.32 -0.01 -0.03
0.32 0.01 -0.03
0.2 -0.13 -0.01
0.2 0.13 -0.01
0.2 -0.11 -0.01
0.2 0.11 -0.01
0.22 -0.13 -0.01
0.22 0.13 -0.01
0.22 -0.11 -0.01
0.22 0.11 -0.01
0.24 -0.11 -0.01
0.24 0.11 -0.01
0.28 -0.05 -0.01
0.28 0.05 -0.01
0.28 -0.03 -0.01
0.28 0.03 -0.01
0.28 -0.01 -0.01
0.28 0.01 -0.01
